396
1 838
2 197
3 410
6 839
7 417
8 840
12 842
15 416
21 218
22 1021
25 835
26 417
26 831
30 861
30 870
30 872
30 875
30 881
31 418
31 867
32 817
32 1021
33 224
33 893
35 896
35 1022
37 811
37 898
41 227
41 803
42 1021
44 227
44 426
44 798
44 901
44 1021
47 794
48 1022
50 912
52 791
55 931
56 924
57 786
57 936
58 940
58 947
60 949
61 232
62 950
63 429
63 954
66 857
66 983
66 991
69 428
69 965
71 976
72 694
74 1016
76 970
77 241
77 997
77 1013
80 425
80 1008
83 754
85 423
86 1003
89 1008
93 738
93 957
93 1012
95 422
97 954
100 1015
102 1016
108 953
109 1018
112 717
114 250
115 715
118 712
118 1015
120 243
120 417
123 708
123 1014
125 707
127 1013
129 952
131 951
133 1015
136 422
136 1018
140 950
141 1022
142 949
144 1022
147 947
151 689
155 947
158 948
162 949
169 949
173 946
179 941
187 929
195 924
203 347
216 914
221 901
232 887
302 530
305 534
328 58
331 57
379 158
402 3
409 3
415 174
415 304
421 493
431 490
438 179
451 318
455 318
456 124
463 249
465 314
466 191
466 249
468 311
470 192
472 304
487 116
489 509
490 203
490 290
498 207
503 512
507 213
508 277
509 513
512 275
515 274
516 942
517 273
519 691
521 680
524 508
527 507
529 671
530 669
537 228
539 260
542 503
548 645
562 250
566 252
569 625
577 524
581 526
587 613
588 970
591 261
595 541
595 617
597 260
597 540
598 618
599 538
605 533
607 611
610 263
610 613
612 263
614 613
617 523
618 267
621 515
621 612
625 609
627 510
628 608
631 608
632 508
634 508
637 609
640 271
643 271
643 607
645 678
646 606
649 270
652 604
655 509
655 602
656 272
657 331
658 600
659 507
661 596
667 268
668 502
670 585
673 580
674 268
674 578
675 501
675 571
679 550
680 267
685 268
688 511
689 270
690 538
691 271
693 271
695 530
698 272
704 272
705 512
707 276
709 280
713 284
713 731
716 284
716 512
721 293
722 295
723 512
724 957
725 297
727 511
728 299
731 510
734 303
734 512
736 513
741 309
742 303
744 310
744 514
745 137
746 310
746 313
747 306
748 310
750 311
751 529
752 318
756 316
756 513
757 510
759 319
760 502
765 497
768 135
768 328
771 335
772 496
773 325
773 338
788 489
789 351
789 487
791 484
792 482
794 355
797 478
800 477
805 980
811 1015
812 475
817 1019
817 1022
820 374
821 478
833 391
833 474
836 474
855 469
865 460
869 459
873 464
876 463
882 462
886 460
887 240
890 241
905 420
909 427
911 463
915 458
918 432
918 441
921 450
925 57
927 242
928 431
931 431
934 55
937 432
945 245
945 432
948 431
950 58
956 1016
957 430
958 1015
961 431
963 432
963 723
966 262
966 275
968 274
970 273
973 269
974 59
979 270
979 939
982 59
984 270
984 434
987 15
988 435
990 271
992 436
994 436
995 23
996 992
997 272
1002 2
1002 433
1003 6
1004 271
1006 14
1006 23
1007 140
1007 433
1008 8
1008 126
1010 17
1010 132
1010 135
1010 271
1010 434
1011 87
1011 130
1011 149
1012 33
1012 84
1012 157
1013 89
1013 92
1013 270
1014 73
1014 82
1014 95
1014 98
1014 109
1014 121
1014 144
1015 102
1015 160
1016 59
1016 65
1016 134
1016 154
1016 162
1017 63
1017 168
1017 437
1018 4
1018 11
1018 14
1018 241
1018 749
1019 32
1019 39
1019 46
1019 158
1020 25
1020 37
1020 43
1020 156
1020 172
1020 175
1020 753
1021 120
1021 139
1021 151
1021 162
1021 166
1021 756
1022 134
