130
2 39
5 38
6 32
11 34
14 31
16 29
16 35
19 28
22 26
25 26
26 23
31 20
34 20
38 21
42 19
43 23
46 20
48 16
49 18
51 13
52 16
54 17
55 506
59 15
61 12
64 16
72 13
81 5
82 10
90 7
93 7
97 483
101 333
104 320
113 1
116 1
133 465
164 180
167 179
176 281
177 260
178 217
179 263
179 266
186 371
192 354
195 197
197 329
198 313
198 316
198 318
205 278
206 196
208 215
211 198
214 213
216 212
224 211
228 196
231 184
231 194
231 447
233 454
235 210
235 455
236 196
238 210
246 186
249 466
259 206
260 202
271 199
280 36
291 381
292 383
294 168
294 176
300 456
301 162
302 159
311 450
323 447
333 444
337 66
340 389
347 421
349 88
360 376
377 363
382 6
384 316
400 239
400 247
401 229
403 285
406 243
409 279
421 269
440 240
443 240
450 238
454 163
454 262
455 368
460 157
464 213
467 109
469 479
471 210
472 147
475 112
475 155
476 153
478 149
481 302
482 161
483 159
483 244
487 308
489 420
489 466
490 397
490 408
490 426
491 242
491 438
491 508
493 448
494 450
502 373
